  2.50000E-02  1.38828E+00  9.25522E+00 -2.12877E-03 -8.51507E-02 -2.13124E-03 -8.52496E-02 -2.13124E-03 -8.52496E-02  1.00061E+00  0.00000E+00  0.00000E+00  0.00000E+00 -1.47625E+00 -2.67140E-01  0.00000E+00  1.20000E+01  0.00000E+00  3.14159E+00 -1.52954E-07  1.00000E+00  7.04055E-09 -2.30833E-07 -1.52954E-07  1.00000E+00  7.04055E-09 -1.80000E+02 -2.64516E-05  1.80000E+02  1.80000E+02 -1.80000E+02 -1.75272E-05 -1.56000E+07  1.56778E+07  0.00000E+00
  5.00000E-02  2.72957E+00  8.94193E+00 -2.12877E-03  2.93124E-09 -2.13124E-03  2.92955E-09 -2.13124E-03  2.94666E-09  9.93398E-01  0.00000E+00  0.00000E+00  0.00000E+00  1.54097E+00 -3.02541E-01  0.00000E+00  1.20000E+01  0.00000E+00  3.14160E+00 -1.00051E-06  1.00000E+00  7.48747E-08 -1.51837E-06 -1.00051E-06  1.00000E+00  7.48747E-08 -1.80000E+02 -1.73993E-04  1.80000E+02  1.80000E+02 -1.80000E+02 -1.14650E-04 -1.96972E+06  1.90906E+06  0.00000E+00
  7.50000E-02  4.08616E+00  9.04392E+00 -5.79259E-03 -1.46553E-01 -5.78923E-03 -1.46320E-01 -5.78923E-03 -1.46320E-01  9.90943E-01  0.00000E+00  0.00000E+00  0.00000E+00 -1.18124E+00 -1.97330E-01  0.00000E+00  1.20000E+01  0.00000E+00  3.14160E+00 -2.47679E-06  1.00000E+00  3.02492E-07 -2.67324E-06 -2.47679E-06  1.00000E+00  3.02492E-07 -1.80000E+02 -3.06330E-04  1.80000E+02  1.80000E+02 -1.80000E+02 -2.83819E-04 -6.59240E+04  6.17310E+04  0.00000E+00
  1.00000E-01  5.50854E+00  9.48256E+00 -6.55666E-03 -3.05630E-02 -6.55011E-03 -3.04351E-02 -6.55011E-03 -3.04351E-02  9.92536E-01  0.00000E+00  0.00000E+00  0.00000E+00  1.37463E+00 -5.40345E-01  0.00000E+00  1.20000E+01  0.00000E+00  3.14158E+00 -2.55368E-06  1.00000E+00  4.70699E-07  4.08097E-06 -2.55368E-06  1.00000E+00  4.70699E-07 -1.80000E+02  4.67645E-04  1.80000E+02  1.80000E+02  1.80000E+02 -2.92630E-04  1.55364E+06 -1.47142E+06  0.00000E+00
  1.25000E-01  6.99027E+00  9.87819E+00 -1.52163E-03  2.01402E-01 -1.51143E-03  2.01547E-01 -1.51144E-03  2.01547E-01  9.97472E-01  0.00000E+00  0.00000E+00  0.00000E+00 -9.08683E-01 -6.20480E-01  0.00000E+00  1.20000E+01  0.00000E+00  3.14154E+00 -4.94025E-07  1.00000E+00 -4.30321E-07  2.39999E-05 -4.94025E-07  1.00000E+00 -4.30321E-07  1.80000E+02  2.75019E-03  1.80000E+02 -1.80000E+02  1.79997E+02 -5.66111E-05 -1.28939E+06  1.28038E+06  0.00000E+00
  1.50000E-01  8.51541E+00  1.01676E+01  1.07484E-02  4.90799E-01  1.07658E-02  4.91091E-01  1.07658E-02  4.91091E-01  1.00454E+00  0.00000E+00  0.00000E+00  0.00000E+00  8.42740E-02 -3.32224E-01  0.00000E+00  1.20000E+01  0.00000E+00  3.14151E+00  3.17836E-08  1.00000E+00 -3.01273E-06  4.09775E-05  3.17836E-08  1.00000E+00 -3.01273E-06  1.80000E+02  4.69568E-03 -1.80000E+02 -1.80000E+02  1.79995E+02  3.64213E-06 -7.69454E+04  7.95955E+04  0.00000E+00
  1.75000E-01  1.00487E+01  1.02217E+01  3.08309E-02  8.03301E-01  3.08626E-02  8.03869E-01  3.08626E-02  8.03869E-01  1.01014E+00  0.00000E+00  0.00000E+00  0.00000E+00  3.80550E-01 -9.53046E-02  0.00000E+00  1.20000E+01  0.00000E+00  3.14153E+00 -1.86804E-06  1.00000E+00 -4.53448E-06  3.18522E-05 -1.86804E-06  1.00000E+00 -4.53448E-06  1.79999E+02  3.64999E-03  1.80000E+02 -1.79999E+02  1.79996E+02 -2.14062E-04  1.04246E+06 -1.10996E+06  0.00000E+00
  2.00000E-01  1.15625E+01  1.00919E+01  5.88693E-02  1.12154E+00  5.89201E-02  1.12230E+00  5.89201E-02  1.12230E+00  1.01259E+00  0.00000E+00  0.00000E+00  0.00000E+00 -6.23000E-01 -7.44783E-02  0.00000E+00  1.20000E+01  0.00000E+00  3.14158E+00 -1.46310E-06  1.00000E+00  5.95552E-07  4.88669E-06 -1.46310E-06  1.00000E+00  5.95552E-07 -1.80000E+02  5.59973E-04  1.80000E+02  1.80000E+02  1.79999E+02 -1.67659E-04 -8.44178E+05  9.03624E+05  0.00000E+00
  2.25000E-01  1.30306E+01  9.78743E+00  9.47953E-02  1.43704E+00  9.48650E-02  1.43780E+00  9.48650E-02  1.43780E+00  1.01183E+00  0.00000E+00  0.00000E+00  0.00000E+00  7.54987E-01 -1.48439E-02  0.00000E+00  1.20000E+01  0.00000E+00  3.14161E+00  2.00417E-07  1.00000E+00  1.39548E-05 -1.09211E-05  2.00417E-07  1.00000E+00  1.39548E-05 -1.79998E+02 -1.25146E-03 -1.80000E+02  1.79998E+02 -1.79999E+02  2.29661E-05 -7.39148E+04  7.81148E+04  0.00000E+00
  2.50000E-01  1.44566E+01  9.50670E+00  1.38439E-01  1.74573E+00  1.38527E-01  1.74650E+00  1.38527E-01  1.74650E+00  1.00901E+00  0.00000E+00  0.00000E+00  0.00000E+00 -1.49685E-01 -5.96599E-02  0.00000E+00  1.20000E+01  0.00000E+00  3.14161E+00 -1.69253E-06  1.00000E+00  2.85827E-05 -1.05736E-05 -1.69253E-06  1.00000E+00  2.85827E-05 -1.79997E+02 -1.21165E-03  1.80000E+02  1.79997E+02 -1.79999E+02 -1.93949E-04  6.98119E+05 -7.15528E+05  0.00000E+00
  2.75000E-01  1.58509E+01  9.29558E+00  1.89581E-01  2.04571E+00  1.89693E-01  2.04661E+00  1.89693E-01  2.04661E+00  1.00349E+00  0.00000E+00  0.00000E+00  0.00000E+00 -1.01032E-01 -2.26197E-01  0.00000E+00  1.20000E+01  0.00000E+00  3.14161E+00 -3.62848E-06  1.00000E+00  3.49440E-05 -9.02531E-06 -3.62848E-06  1.00000E+00  3.49440E-05 -1.79996E+02 -1.03422E-03  1.80000E+02  1.79996E+02 -1.79999E+02 -4.15793E-04 -5.53193E+05  5.50725E+05  0.00000E+00
  3.00000E-01  1.72271E+01  9.17428E+00  2.47985E-01  2.33614E+00  2.48120E-01  2.33707E+00  2.48120E-01  2.33707E+00  9.97393E-01  0.00000E+00  0.00000E+00  0.00000E+00  8.45877E-03 -2.01321E-01  0.00000E+00  1.20000E+01  0.00000E+00  3.14161E+00 -2.40801E-06  1.00000E+00  2.97407E-05 -1.01332E-05 -2.40801E-06  1.00000E+00  2.97407E-05 -1.79997E+02 -1.16117E-03  1.80000E+02  1.79997E+02 -1.79999E+02 -2.75937E-04 -6.51635E+04  6.34321E+04  0.00000E+00
  3.25000E-01  1.86050E+01  9.18604E+00  3.13404E-01  2.61676E+00  3.13563E-01  2.61773E+00  3.13563E-01  2.61773E+00  9.93321E-01  0.00000E+00  0.00000E+00  0.00000E+00 -6.77630E-01 -5.14735E-02  0.00000E+00  1.20000E+01  0.00000E+00  3.14162E+00 -2.08297E-06  1.00000E+00  1.70900E-05 -1.12570E-05 -2.08297E-06  1.00000E+00  1.70900E-05 -1.79998E+02 -1.28996E-03  1.80000E+02  1.79998E+02 -1.79999E+02 -2.38691E-04  4.66210E+05 -4.47901E+05  0.00000E+00
  3.50000E-01  1.99995E+01  9.29700E+00  3.85593E-01  2.88756E+00  3.85777E-01  2.88858E+00  3.85777E-01  2.88858E+00  9.92344E-01  0.00000E+00  0.00000E+00  0.00000E+00  1.39363E-01  2.99301E-02  0.00000E+00  1.20000E+01  0.00000E+00  3.14162E+00 -3.93682E-06  1.00000E+00  4.36858E-06 -1.61380E-05 -3.93682E-06  1.00000E+00  4.36858E-06 -1.79999E+02 -1.84927E-03  1.80000E+02  1.79999E+02 -1.79998E+02 -4.51126E-04 -3.63290E+05  3.49470E+05  0.00000E+00
  3.75000E-01  2.14216E+01  9.48047E+00  4.64311E-01  3.14872E+00  4.64522E-01  3.14979E+00  4.64522E-01  3.14979E+00  9.96854E-01  0.00000E+00  0.00000E+00  0.00000E+00 -1.06430E-01 -1.52037E-02  0.00000E+00  1.20000E+01  0.00000E+00  3.14164E+00 -5.62695E-06  1.00000E+00 -2.03346E-06 -2.46691E-05 -5.62695E-06  1.00000E+00 -2.03346E-06  1.80000E+02 -2.82687E-03  1.79999E+02 -1.80000E+02 -1.79997E+02 -6.44801E-04 -5.50111E+04  5.35577E+04  0.00000E+00
  4.00000E-01  2.28743E+01  9.68465E+00  5.49322E-01  3.40047E+00  5.49562E-01  3.40159E+00  5.49562E-01  3.40159E+00  1.00572E+00  0.00000E+00  0.00000E+00  0.00000E+00 -2.06065E-01 -2.18085E-02  0.00000E+00  1.20000E+01  0.00000E+00  3.14165E+00 -5.59663E-06  1.00000E+00 -5.69757E-07 -2.82089E-05 -5.59663E-06  1.00000E+00 -5.69757E-07  1.80000E+02 -3.23250E-03  1.79999E+02 -1.80000E+02 -1.79997E+02 -6.41326E-04  3.10017E+05 -3.07782E+05  0.00000E+00
  4.25000E-01  2.43488E+01  9.83029E+00  6.40399E-01  3.64308E+00  6.40668E-01  3.64426E+00  6.40668E-01  3.64426E+00  1.01373E+00  0.00000E+00  0.00000E+00  0.00000E+00  1.75075E-01 -1.08039E-02  0.00000E+00  1.20000E+01  0.00000E+00  3.14164E+00 -4.60543E-06  1.00000E+00  4.48308E-06 -2.15969E-05 -4.60543E-06  1.00000E+00  4.48308E-06 -1.79999E+02 -2.47483E-03  1.79999E+02  1.79999E+02 -1.79998E+02 -5.27743E-04 -2.39591E+05  2.42987E+05  0.00000E+00
  4.50000E-01  2.58320E+01  9.88798E+00  7.37320E-01  3.87684E+00  7.37620E-01  3.87809E+00  7.37625E-01  3.87829E+00  1.01541E+00  0.00000E+00  0.00000E+00  0.00000E+00 -2.04456E-01 -6.61935E-02  0.00000E+00  1.20000E+01  0.00000E+00  3.14161E+00 -5.76350E-06  1.00000E+00  6.82087E-06 -8.89070E-06 -5.76350E-06  1.00000E+00  6.82087E-06 -1.79999E+02 -1.01880E-03  1.79999E+02  1.79999E+02 -1.79999E+02 -6.60448E-04 -4.55201E+04  4.68596E+04  0.00000E+00
  4.75000E-01  2.73124E+01  9.86899E+00  8.39872E-01  4.10206E+00  8.40210E-01  4.10358E+00  8.40215E-01  4.10357E+00  1.01123E+00  0.00000E+00  0.00000E+00  0.00000E+00  6.60461E-02 -3.61381E-02  0.00000E+00  1.20000E+01  0.00000E+00  3.14159E+00 -7.73600E-06  1.00000E+00  2.50316E-06  2.35779E-06 -7.73600E-06  1.00000E+00  2.50316E-06 -1.80000E+02  2.70183E-04  1.79999E+02  1.80000E+02  1.80000E+02 -8.86480E-04  2.04772E+05 -2.12034E+05  0.00000E+00
  5.00000E-01  2.87775E+01  9.76791E+00  9.47847E-01  4.31902E+00  9.48225E-01  4.32061E+00  9.48230E-01  4.32061E+00  1.00355E+00  0.00000E+00  0.00000E+00  0.00000E+00  2.49483E-01 -5.09816E-02  0.00000E+00  1.20000E+01  0.00000E+00  3.14158E+00 -8.13762E-06  1.00000E+00 -8.32439E-06  7.36855E-06 -8.13762E-06  1.00000E+00 -8.32439E-06  1.79999E+02  8.44374E-04  1.79999E+02 -1.79999E+02  1.79999E+02 -9.32503E-04 -1.59220E+05  1.64550E+05  0.00000E+00
  5.25000E-01  3.02180E+01  9.60273E+00  1.06105E+00  4.52803E+00  1.06147E+00  4.52969E+00  1.06147E+00  4.52968E+00  9.94325E-01  0.00000E+00  0.00000E+00  0.00000E+00  2.79602E-01 -9.96811E-02  0.00000E+00  1.20000E+01  0.00000E+00  3.14158E+00 -1.01537E-05  1.00000E+00 -2.14215E-05  6.98563E-06 -1.01537E-05  1.00000E+00 -2.14215E-05  1.79998E+02  8.00494E-04  1.79999E+02 -1.79998E+02  1.79999E+02 -1.16353E-03 -3.75244E+04  3.83835E+04  0.00000E+00
  5.50000E-01  3.16321E+01  9.42777E+00  1.17928E+00  4.72936E+00  1.17974E+00  4.73109E+00  1.17975E+00  4.73109E+00  9.86924E-01  0.00000E+00  0.00000E+00  0.00000E+00  5.57834E-01 -1.35300E-01  0.00000E+00  1.20000E+01  0.00000E+00  3.14158E+00 -1.38926E-05  1.00000E+00 -3.01830E-05  5.32186E-06 -1.38926E-05  1.00000E+00 -3.01830E-05  1.79997E+02  6.09840E-04  1.79998E+02 -1.79997E+02  1.79999E+02 -1.59198E-03  1.33784E+05 -1.34533E+05  0.00000E+00
  5.75000E-01  3.30238E+01  9.27795E+00  1.30236E+00  4.92330E+00  1.30287E+00  4.92510E+00  1.30288E+00  4.92509E+00  9.83050E-01  0.00000E+00  0.00000E+00  0.00000E+00  3.87121E-01 -8.68864E-02  0.00000E+00  1.20000E+01  0.00000E+00  3.14158E+00 -1.56599E-05  1.00000E+00 -2.94294E-05  4.57227E-06 -1.56599E-05  1.00000E+00 -2.94294E-05  1.79997E+02  5.23944E-04  1.79998E+02 -1.79997E+02  1.79999E+02 -1.79450E-03 -1.07182E+05  1.05818E+05  0.00000E+00
  6.00000E-01  3.44009E+01  9.18083E+00  1.43012E+00  5.11011E+00  1.43068E+00  5.11229E+00  1.43068E+00  5.11228E+00  9.83970E-01  0.00000E+00  0.00000E+00  0.00000E+00  3.54440E-01 -2.47376E-02  0.00000E+00  1.20000E+01  0.00000E+00  3.14158E+00 -1.45635E-05  1.00000E+00 -1.88408E-05  4.51668E-06 -1.45635E-05  1.00000E+00 -1.88408E-05  1.79998E+02  5.17574E-04  1.79998E+02 -1.79998E+02  1.79999E+02 -1.66885E-03 -3.12219E+04  3.03347E+04  0.00000E+00
  6.25000E-01  3.57757E+01  9.16488E+00  1.56237E+00  5.29005E+00  1.56299E+00  5.29229E+00  1.56299E+00  5.29228E+00  9.88690E-01  0.00000E+00  0.00000E+00  0.00000E+00  2.72748E-01  2.54090E-02  0.00000E+00  1.20000E+01  0.00000E+00  3.14158E+00 -1.20566E-05  1.00000E+00 -3.47729E-06  4.35362E-06 -1.20566E-05  1.00000E+00 -3.47729E-06  1.80000E+02  4.98888E-04  1.79999E+02 -1.80000E+02  1.79999E+02 -1.38159E-03  8.58140E+04 -8.25028E+04  0.00000E+00
  6.50000E-01  3.71616E+01  9.23974E+00  1.69895E+00  5.46338E+00  1.69963E+00  5.46567E+00  1.69963E+00  5.46566E+00  9.96345E-01  0.00000E+00  0.00000E+00  0.00000E+00  1.03321E-01  1.12634E-01  0.00000E+00  1.20000E+01  0.00000E+00  3.14159E+00 -1.06086E-05  1.00000E+00  8.88995E-06  2.08812E-06 -1.06086E-05  1.00000E+00  8.88995E-06 -1.79999E+02  2.39281E-04  1.79999E+02  1.79999E+02  1.80000E+02 -1.21566E-03 -7.36586E+04  7.06933E+04  0.00000E+00
  6.75000E-01  3.85713E+01  9.39746E+00  1.83971E+00  5.63033E+00  1.84045E+00  5.63268E+00  1.84045E+00  5.63267E+00  1.00444E+00  0.00000E+00  0.00000E+00  0.00000E+00  1.89356E-01  2.13053E-01  0.00000E+00  1.20000E+01  0.00000E+00  3.14160E+00 -9.40508E-06  1.00000E+00  1.21724E-05 -3.99181E-06 -9.40508E-06  1.00000E+00  1.21724E-05 -1.79999E+02 -4.57428E-04  1.79999E+02  1.79999E+02 -1.80000E+02 -1.07774E-03 -2.65076E+04  2.56483E+04  0.00000E+00
  7.00000E-01  4.00130E+01  9.61190E+00  1.98449E+00  5.79114E+00  1.98528E+00  5.79355E+00  1.98529E+00  5.79353E+00  1.00946E+00  0.00000E+00  0.00000E+00  0.00000E+00  1.18297E-01  3.07083E-01  0.00000E+00  1.20000E+01  0.00000E+00  3.14162E+00 -6.98696E-06  1.00000E+00  5.45142E-06 -1.22659E-05 -6.98696E-06  1.00000E+00  5.45142E-06 -1.79999E+02 -1.40557E-03  1.79999E+02  1.79999E+02 -1.79999E+02 -8.00646E-04  5.32990E+04 -5.24515E+04  0.00000E+00
  7.25000E-01  4.14866E+01  9.82351E+00  2.13314E+00  5.94603E+00  2.13401E+00  5.94891E+00  2.13401E+00  5.94889E+00  1.01071E+00  0.00000E+00  0.00000E+00  0.00000E+00  3.58306E-02  3.75707E-01  0.00000E+00  1.20000E+01  0.00000E+00  3.14163E+00 -6.15901E-06  1.00000E+00 -6.83409E-06 -1.90778E-05 -6.15901E-06  1.00000E+00 -6.83409E-06  1.79999E+02 -2.18615E-03  1.79999E+02 -1.79999E+02 -1.79998E+02 -7.05771E-04 -5.22222E+04  5.25645E+04  0.00000E+00
  7.50000E-01  4.29813E+01  9.96523E+00  2.28552E+00  6.09522E+00  2.28646E+00  6.09813E+00  2.28646E+00  6.09812E+00  1.00813E+00  0.00000E+00  0.00000E+00  0.00000E+00 -2.60518E-02  4.24187E-01  0.00000E+00  1.20000E+01  0.00000E+00  3.14164E+00 -6.67077E-06  1.00000E+00 -1.80057E-05 -2.20064E-05 -6.67077E-06  1.00000E+00 -1.80057E-05  1.79998E+02 -2.52175E-03  1.79999E+02 -1.79998E+02 -1.79997E+02 -7.64414E-04 -2.31554E+04  2.38203E+04  0.00000E+00
  7.75000E-01  4.44800E+01  9.99072E+00  2.44149E+00  6.23892E+00  2.44251E+00  6.24187E+00  2.44251E+00  6.24185E+00  1.00456E+00  0.00000E+00  0.00000E+00  0.00000E+00 -2.08170E-01  3.69746E-01  0.00000E+00  1.20000E+01  0.00000E+00  3.14163E+00 -5.47452E-06  1.00000E+00 -2.32876E-05 -2.09109E-05 -5.47452E-06  1.00000E+00 -2.32876E-05  1.79997E+02 -2.39621E-03  1.79999E+02 -1.79997E+02 -1.79998E+02 -6.27334E-04  3.11538E+04 -3.25107E+04  0.00000E+00
  8.00000E-01  4.59625E+01  9.88371E+00  2.60093E+00  6.37734E+00  2.60201E+00  6.38031E+00  2.60202E+00  6.38029E+00  1.00212E+00  0.00000E+00  0.00000E+00  0.00000E+00 -2.10372E-01  2.67269E-01  0.00000E+00  1.20000E+01  0.00000E+00  3.14163E+00 -2.96231E-06  1.00000E+00 -2.23632E-05 -1.73739E-05 -2.96231E-06  1.00000E+00 -2.23632E-05  1.79997E+02 -1.99091E-03  1.80000E+02 -1.79997E+02 -1.79998E+02 -3.39455E-04 -3.86704E+04  4.04579E+04  0.00000E+00
  8.25000E-01  4.74142E+01  9.67766E+00  2.76369E+00  6.51066E+00  2.76487E+00  6.51418E+00  2.76487E+00  6.51416E+00  1.00192E+00  0.00000E+00  0.00000E+00  0.00000E+00 -1.27846E-01  1.90417E-01  0.00000E+00  1.20000E+01  0.00000E+00  3.14162E+00 -9.66984E-07  1.00000E+00 -1.89116E-05 -1.31723E-05 -9.66984E-07  1.00000E+00 -1.89116E-05  1.79998E+02 -1.50943E-03  1.80000E+02 -1.79998E+02 -1.79998E+02 -1.10808E-04 -2.09111E+04  2.16434E+04  0.00000E+00
  8.50000E-01  4.88312E+01  9.44703E+00  2.92967E+00  6.63908E+00  2.93093E+00  6.64259E+00  2.93093E+00  6.64256E+00  1.00336E+00  0.00000E+00  0.00000E+00  0.00000E+00 -3.24084E-02  1.01755E-01  0.00000E+00  1.20000E+01  0.00000E+00  3.14161E+00 -3.51715E-07  1.00000E+00 -1.76671E-05 -8.90671E-06 -3.51715E-07  1.00000E+00 -1.76671E-05  1.79998E+02 -1.02063E-03  1.80000E+02 -1.79998E+02 -1.79999E+02 -4.03036E-05  1.59616E+04 -1.61761E+04  0.00000E+00
  8.75000E-01  5.02223E+01  9.27402E+00  3.09874E+00  6.76277E+00  3.10009E+00  6.76627E+00  3.10009E+00  6.76623E+00  1.00484E+00  0.00000E+00  0.00000E+00  0.00000E+00  6.84282E-02  5.80228E-02  0.00000E+00  1.20000E+01  0.00000E+00  3.14160E+00  1.92294E-07  1.00000E+00 -2.12202E-05 -4.29120E-06  1.92294E-07  1.00000E+00 -2.12202E-05  1.79998E+02 -4.91736E-04 -1.80000E+02 -1.79998E+02 -1.80000E+02  2.20353E-05 -3.02573E+04  2.99333E+04  0.00000E+00
  9.00000E-01  5.16052E+01  9.21895E+00  3.27079E+00  6.88191E+00  3.27223E+00  6.88539E+00  3.27222E+00  6.88535E+00  1.00665E+00  0.00000E+00  0.00000E+00  0.00000E+00  1.21278E-01  2.01570E-03  0.00000E+00  1.20000E+01  0.00000E+00  3.14159E+00  1.33619E-06  1.00000E+00 -2.86030E-05  1.04174E-06  1.33619E-06  1.00000E+00 -2.86030E-05  1.79997E+02  1.19375E-04 -1.80000E+02 -1.79997E+02  1.80000E+02  1.53116E-04 -1.95370E+04  1.89738E+04  0.00000E+00
  9.25000E-01  5.29997E+01  9.29713E+00  3.44570E+00  6.99666E+00  3.44724E+00  7.00074E+00  3.44724E+00  7.00069E+00  1.00751E+00  0.00000E+00  0.00000E+00  0.00000E+00  9.30829E-02  2.20159E-03  0.00000E+00  1.20000E+01  0.00000E+00  3.14158E+00  1.56296E-06  1.00000E+00 -3.61379E-05  7.09145E-06  1.56296E-06  1.00000E+00 -3.61379E-05  1.79996E+02  8.12621E-04 -1.80000E+02 -1.79996E+02  1.79999E+02  1.79102E-04  5.42844E+03 -5.24065E+03  0.00000E+00
  9.50000E-01  5.44212E+01  9.47635E+00  3.62338E+00  7.10718E+00  3.62502E+00  7.11119E+00  3.62502E+00  7.11113E+00  1.00777E+00  0.00000E+00  0.00000E+00  0.00000E+00  1.01371E-02  1.47933E-02  0.00000E+00  1.20000E+01  0.00000E+00  3.14157E+00  1.32169E-06  1.00000E+00 -3.97175E-05  1.29872E-05  1.32169E-06  1.00000E+00 -3.97175E-05  1.79995E+02  1.48823E-03 -1.80000E+02 -1.79995E+02  1.79999E+02  1.51454E-04 -2.51902E+04  2.45250E+04  0.00000E+00
  9.75000E-01  5.58747E+01  9.69022E+00  3.80372E+00  7.21363E+00  3.80546E+00  7.21756E+00  3.80546E+00  7.21750E+00  1.00745E+00  0.00000E+00  0.00000E+00  0.00000E+00 -5.23413E-02  9.03035E-02  0.00000E+00  1.20000E+01  0.00000E+00  3.14156E+00  1.78723E-06  1.00000E+00 -3.71028E-05  1.72130E-05  1.78723E-06  1.00000E+00 -3.71028E-05  1.79996E+02  1.97246E-03 -1.80000E+02 -1.79996E+02  1.79998E+02  2.04801E-04 -1.88298E+04  1.86860E+04  0.00000E+00
  1.00000E+00  5.73547E+01  9.86675E+00  3.98663E+00  7.31615E+00  3.98848E+00  7.32072E+00  3.98847E+00  7.32062E+00  1.00667E+00  0.00000E+00  0.00000E+00  0.00000E+00 -7.03093E-02  1.97493E-01  0.00000E+00  1.20000E+01  0.00000E+00  3.14156E+00  2.51622E-06  1.00000E+00 -2.89982E-05  1.87093E-05  2.51622E-06  1.00000E+00 -2.89982E-05  1.79997E+02  2.14393E-03 -1.80000E+02 -1.79997E+02  1.79998E+02  2.88338E-04 -1.98482E+03  2.01411E+03  0.00000E+00
  1.02500E+00  5.88470E+01  9.94828E+00  4.17200E+00  7.41489E+00  4.17396E+00  7.41930E+00  4.17395E+00  7.41919E+00  1.00590E+00  0.00000E+00  0.00000E+00  0.00000E+00 -9.97920E-02  2.24697E-01  0.00000E+00  1.20000E+01  0.00000E+00  3.14156E+00  2.58358E-06  1.00000E+00 -1.85406E-05  1.75219E-05  2.58358E-06  1.00000E+00 -1.85406E-05  1.79998E+02  2.00786E-03 -1.80000E+02 -1.79998E+02  1.79998E+02  2.96056E-04 -2.22996E+04  2.30409E+04  0.00000E+00
  1.05000E+00  6.03338E+01  9.91196E+00  4.35975E+00  7.50999E+00  4.36182E+00  7.51424E+00  4.36182E+00  7.51491E+00  1.00472E+00  0.00000E+00  0.00000E+00  0.00000E+00 -1.21005E-01  2.20036E-01  0.00000E+00  1.20000E+01  0.00000E+00  3.14156E+00  2.35259E-06  1.00000E+00 -9.73134E-06  1.45616E-05  2.35259E-06  1.00000E+00 -9.73134E-06  1.79999E+02  1.66864E-03 -1.80000E+02 -1.79999E+02  1.79998E+02  2.69587E-04 -1.86243E+04  1.94024E+04  0.00000E+00
  1.07500E+00  6.18002E+01  9.77619E+00  4.54979E+00  7.60157E+00  4.55198E+00  7.60644E+00  4.55198E+00  7.60623E+00  1.00403E+00  0.00000E+00  0.00000E+00  0.00000E+00 -1.88880E-01  1.30056E-01  0.00000E+00  1.20000E+01  0.00000E+00  3.14157E+00  3.89567E-06  1.00000E+00 -5.61331E-06  1.09101E-05  3.89567E-06  1.00000E+00 -5.61331E-06  1.79999E+02  1.25020E-03 -1.80000E+02 -1.79999E+02  1.79999E+02  4.46411E-04 -7.31023E+03  7.58786E+03  0.00000E+00
  1.10000E+00  6.32385E+01  9.58879E+00  4.74203E+00  7.68978E+00  4.74434E+00  7.69438E+00  4.74436E+00  7.69502E+00  1.00261E+00  0.00000E+00  0.00000E+00  0.00000E+00 -2.99790E-01  5.26015E-02  0.00000E+00  1.20000E+01  0.00000E+00  3.14158E+00  6.99866E-06  1.00000E+00 -6.92151E-06  7.17771E-06  6.99866E-06  1.00000E+00 -6.92151E-06  1.79999E+02  8.22505E-04 -1.79999E+02 -1.79999E+02  1.79999E+02  8.01987E-04 -2.08235E+04  2.13183E+04  0.00000E+00
  1.12500E+00  6.46502E+01  9.41146E+00  4.93640E+00  7.77470E+00  4.93884E+00  7.77986E+00  4.93875E+00  7.77582E+00  1.00053E+00  0.00000E+00  0.00000E+00  0.00000E+00 -3.97517E-01 -1.56180E-02  0.00000E+00  1.20000E+01  0.00000E+00  3.14159E+00  1.00274E-05  1.00000E+00 -1.18412E-05  3.48378E-06  1.00274E-05  1.00000E+00 -1.18412E-05  1.79999E+02  3.99212E-04 -1.79999E+02 -1.79999E+02  1.80000E+02  1.14906E-03 -1.87906E+04  1.88683E+04  0.00000E+00
  1.15000E+00  6.60448E+01  9.29705E+00  5.13281E+00  7.85646E+00  5.13536E+00  7.86112E+00  5.13518E+00  7.85733E+00  9.98095E-01  0.00000E+00  0.00000E+00  0.00000E+00 -4.53690E-01 -5.50761E-02  0.00000E+00  1.20000E+01  0.00000E+00  3.14159E+00  1.31917E-05  1.00000E+00 -1.71453E-05 -1.13220E-07  1.31917E-05  1.00000E+00 -1.71453E-05  1.79998E+02 -1.29741E-05 -1.79998E+02 -1.79998E+02 -1.80000E+02  1.51166E-03 -1.12393E+04  1.10771E+04  0.00000E+00
  1.17500E+00  6.74359E+01  9.27411E+00  5.32194E+00  7.56488E+00  5.32417E+00  7.55242E+00  5.32400E+00  7.55269E+00  9.96127E-01  0.00000E+00  0.00000E+00  0.00000E+00 -4.16356E-01 -4.61307E-02  0.00000E+00  1.20000E+01  0.00000E+00  3.14160E+00  1.61117E-05  1.00000E+00 -2.01492E-05 -3.34379E-06  1.61117E-05  1.00000E+00 -2.01492E-05  1.79998E+02 -3.83170E-04 -1.79998E+02 -1.79998E+02 -1.80000E+02  1.84627E-03 -5.19336E+03  5.05618E+03  0.00000E+00
  1.20000E+00  6.88369E+01  9.33961E+00  5.49489E+00  6.91839E+00  5.49685E+00  6.90700E+00  5.49668E+00  6.90726E+00  9.96306E-01  0.00000E+00  0.00000E+00  0.00000E+00 -3.02914E-01 -6.86393E-02  0.00000E+00  1.20000E+01  0.00000E+00  3.14160E+00  1.77032E-05  1.00000E+00 -2.02496E-05 -5.68841E-06  1.77032E-05  1.00000E+00 -2.02496E-05  1.79998E+02 -6.51843E-04 -1.79998E+02 -1.79998E+02 -1.79999E+02  2.02864E-03 -1.72403E+03  1.67434E+03  0.00000E+00
  1.22500E+00  7.02564E+01  9.46384E+00  5.65229E+00  6.29570E+00  5.65398E+00  6.28531E+00  5.65382E+00  6.28556E+00  9.98563E-01  0.00000E+00  0.00000E+00  0.00000E+00 -1.99071E-01 -5.19304E-02  0.00000E+00  1.20000E+01  0.00000E+00  3.14161E+00  1.73385E-05  1.00000E+00 -1.90799E-05 -6.56311E-06  1.73385E-05  1.00000E+00 -1.90799E-05  1.79998E+02 -7.52077E-04 -1.79998E+02 -1.79998E+02 -1.79999E+02  1.98685E-03  5.43517E+03 -5.31582E+03  0.00000E+00
  1.25000E+00  7.16972E+01  9.60486E+00  5.79469E+00  5.69593E+00  5.79614E+00  5.68648E+00  5.79599E+00  5.68672E+00  1.00306E+00  0.00000E+00  0.00000E+00  0.00000E+00 -1.09726E-01 -8.34655E-02  0.00000E+00  1.20000E+01  0.00000E+00  3.14160E+00  1.55682E-05  1.00000E+00 -1.93160E-05 -5.76067E-06  1.55682E-05  1.00000E+00 -1.93160E-05  1.79998E+02 -6.60124E-04 -1.79998E+02 -1.79998E+02 -1.79999E+02  1.78398E-03 -3.36396E+03  3.33385E+03  0.00000E+00
  1.27500E+00  7.31555E+01  9.72204E+00  5.92264E+00  5.11823E+00  5.92389E+00  5.10968E+00  5.92374E+00  5.10991E+00  1.00783E+00  0.00000E+00  0.00000E+00  0.00000E+00 -6.39019E-02 -8.05287E-02  0.00000E+00  1.20000E+01  0.00000E+00  3.14160E+00  1.40554E-05  1.00000E+00 -2.29744E-05 -3.70118E-06  1.40554E-05  1.00000E+00 -2.29744E-05  1.79997E+02 -4.24124E-04 -1.79998E+02 -1.79997E+02 -1.80000E+02  1.61063E-03 -1.24198E+03  1.24920E+03  0.00000E+00
  1.30000E+00  7.46239E+01  9.78967E+00  6.03669E+00  4.56179E+00  6.03774E+00  4.55408E+00  6.03760E+00  4.55431E+00  1.01172E+00  0.00000E+00  0.00000E+00  0.00000E+00 -3.42155E-02 -9.30105E-02  0.00000E+00  1.20000E+01  0.00000E+00  3.14159E+00  1.23990E-05  1.00000E+00 -3.01959E-05 -1.16591E-06  1.23990E-05  1.00000E+00 -3.01959E-05  1.79997E+02 -1.33604E-04 -1.79999E+02 -1.79997E+02 -1.80000E+02  1.42082E-03  3.62834E+03 -3.69398E+03  0.00000E+00
  1.32500E+00  7.60937E+01  9.79860E+00  6.13733E+00  4.02584E+00  6.13821E+00  4.01893E+00  6.13807E+00  4.01915E+00  1.01370E+00  0.00000E+00  0.00000E+00  0.00000E+00 -1.96070E-02 -1.04345E-01  0.00000E+00  1.20000E+01  0.00000E+00  3.14159E+00  9.66603E-06  1.00000E+00 -3.91307E-05  1.16482E-06  9.66603E-06  1.00000E+00 -3.91307E-05  1.79996E+02  1.33478E-04 -1.79999E+02 -1.79996E+02  1.80000E+02  1.10765E-03 -2.17636E+03  2.23115E+03  0.00000E+00
  1.35000E+00  7.75572E+01  9.75694E+00  6.22507E+00  3.50961E+00  6.22580E+00  3.50345E+00  6.22567E+00  3.50366E+00  1.01304E+00  0.00000E+00  0.00000E+00  0.00000E+00  8.32008E-03 -9.92207E-02  0.00000E+00  1.20000E+01  0.00000E+00  3.14159E+00  6.72157E-06  1.00000E+00 -4.69194E-05  2.95444E-06  6.72157E-06  1.00000E+00 -4.69194E-05  1.79995E+02  3.38554E-04 -1.79999E+02 -1.79995E+02  1.80000E+02  7.70236E-04 -8.88724E+02  9.11926E+02  0.00000E+00
  1.37500E+00  7.90098E+01  9.68388E+00  6.30038E+00  3.01238E+00  6.30097E+00  3.00693E+00  6.30084E+00  3.00713E+00  1.01068E+00  0.00000E+00  0.00000E+00  0.00000E+00  6.96180E-02 -1.51386E-01  0.00000E+00  1.20000E+01  0.00000E+00  3.14158E+00  3.97963E-06  1.00000E+00 -5.11833E-05  4.14058E-06  3.97963E-06  1.00000E+00 -5.11833E-05  1.79994E+02  4.74475E-04 -1.80000E+02 -1.79994E+02  1.80000E+02  4.56033E-04  2.42071E+03 -2.47335E+03  0.00000E+00
  1.40000E+00  8.04500E+01  9.60129E+00  6.36372E+00  2.53345E+00  6.36420E+00  2.52904E+00  6.36408E+00  2.52924E+00  1.00689E+00  0.00000E+00  0.00000E+00  0.00000E+00  1.26340E-01 -1.73412E-01  0.00000E+00  1.20000E+01  0.00000E+00  3.14158E+00  1.29800E-06  1.00000E+00 -5.11941E-05  4.71275E-06  1.29800E-06  1.00000E+00 -5.11941E-05  1.79994E+02  5.40042E-04 -1.80000E+02 -1.79994E+02  1.79999E+02  1.48740E-04 -1.40625E+03  1.42607E+03  0.00000E+00
  1.42500E+00  8.18794E+01  9.52921E+00  6.41552E+00  2.07215E+00  6.41590E+00  2.06833E+00  6.41579E+00  2.06852E+00  1.00357E+00  0.00000E+00  0.00000E+00  0.00000E+00  1.63170E-01 -2.35001E-01  0.00000E+00  1.20000E+01  0.00000E+00  3.14158E+00 -1.08549E-06  1.00000E+00 -4.80764E-05  4.55542E-06 -1.08549E-06  1.00000E+00 -4.80764E-05  1.79994E+02  5.22012E-04  1.80000E+02 -1.79994E+02  1.79999E+02 -1.24388E-04 -6.32285E+02  6.35727E+02  0.00000E+00
  1.45000E+00  8.33016E+01  9.48143E+00  6.45622E+00  1.62783E+00  6.45652E+00  1.62456E+00  6.45641E+00  1.62474E+00  1.00146E+00  0.00000E+00  0.00000E+00  0.00000E+00  1.69167E-01 -2.41052E-01  0.00000E+00  1.20000E+01  0.00000E+00  3.14159E+00 -2.44547E-06  1.00000E+00 -4.39663E-05  3.43891E-06 -2.44547E-06  1.00000E+00 -4.39663E-05  1.79995E+02  3.94070E-04  1.80000E+02 -1.79995E+02  1.80000E+02 -2.80231E-04  1.61407E+03 -1.61068E+03  0.00000E+00
  1.47500E+00  8.47216E+01  9.46640E+00  6.48621E+00  1.19986E+00  6.48645E+00  1.19711E+00  6.48634E+00  1.19729E+00  1.00124E+00  0.00000E+00  0.00000E+00  0.00000E+00  1.44906E-01 -2.21977E-01  0.00000E+00  1.20000E+01  0.00000E+00  3.14159E+00 -2.34473E-06  1.00000E+00 -4.07140E-05  1.15886E-06 -2.34473E-06  1.00000E+00 -4.07140E-05  1.79995E+02  1.32795E-04  1.80000E+02 -1.79995E+02  1.80000E+02 -2.68686E-04 -9.07440E+02  9.00991E+02  0.00000E+00
  1.50000E+00  8.61444E+01  9.48567E+00  6.50591E+00  7.87643E-01  6.50608E+00  7.85392E-01  6.50598E+00  7.85563E-01  1.00288E+00  0.00000E+00  0.00000E+00  0.00000E+00  1.36144E-01 -1.72554E-01  0.00000E+00  1.20000E+01  0.00000E+00  3.14160E+00 -1.80952E-06  1.00000E+00 -3.89846E-05 -2.21905E-06 -1.80952E-06  1.00000E+00 -3.89846E-05  1.79996E+02 -2.54285E-04  1.80000E+02 -1.79996E+02 -1.80000E+02 -2.07356E-04 -4.47586E+02  4.43700E+02  0.00000E+00
  1.52500E+00  8.75746E+01  9.53426E+00  6.51567E+00  3.90598E-01  6.51581E+00  3.88950E-01  6.51571E+00  3.89116E-01  1.00471E+00  0.00000E+00  0.00000E+00  0.00000E+00  1.35020E-01 -7.26699E-02  0.00000E+00  1.20000E+01  0.00000E+00  3.14161E+00 -1.62050E-06  1.00000E+00 -3.82580E-05 -6.22944E-06 -1.62050E-06  1.00000E+00 -3.82580E-05  1.79996E+02 -7.13841E-04  1.80000E+02 -1.79996E+02 -1.79999E+02 -1.85696E-04  1.07559E+03 -1.06843E+03  0.00000E+00
  1.55000E+00  8.90146E+01  9.60003E+00  6.51587E+00  8.16549E-03  6.51598E+00  6.93191E-03  6.51588E+00  7.09092E-03  1.00597E+00  0.00000E+00  0.00000E+00  0.00000E+00  1.78651E-01 -2.47215E-02  0.00000E+00  1.20000E+01  0.00000E+00  3.14161E+00 -1.35448E-06  1.00000E+00 -3.75724E-05 -1.01802E-05 -1.35448E-06  1.00000E+00 -3.75724E-05  1.79996E+02 -1.16657E-03  1.80000E+02 -1.79996E+02 -1.79999E+02 -1.55212E-04 -5.84735E+02  5.83815E+02  0.00000E+00
  1.57500E+00  9.04641E+01  9.66342E+00  6.50687E+00 -3.60191E-01  6.50694E+00 -3.61385E-01  6.50685E+00 -3.61231E-01  1.00519E+00  0.00000E+00  0.00000E+00  0.00000E+00  2.46549E-01  5.06884E-02  0.00000E+00  1.20000E+01  0.00000E+00  3.14162E+00 -9.14663E-07  1.00000E+00 -3.63975E-05 -1.34738E-05 -9.14663E-07  1.00000E+00 -3.63975E-05  1.79996E+02 -1.54398E-03  1.80000E+02 -1.79996E+02 -1.79998E+02 -1.04813E-04 -3.15443E+02  3.17119E+02  0.00000E+00
  1.60000E+00  9.19195E+01  9.70275E+00  6.48900E+00 -7.14990E-01  6.48903E+00 -7.16467E-01  6.48894E+00 -7.16319E-01  1.00268E+00  0.00000E+00  0.00000E+00  0.00000E+00  2.98189E-01  4.37845E-02  0.00000E+00  1.20000E+01  0.00000E+00  3.14162E+00 -7.97807E-07  1.00000E+00 -3.50592E-05 -1.58022E-05 -7.97807E-07  1.00000E+00 -3.50592E-05  1.79996E+02 -1.81080E-03  1.80000E+02 -1.79996E+02 -1.79998E+02 -9.14220E-05  7.16342E+02 -7.24902E+02  0.00000E+00
  1.62500E+00  9.33743E+01  9.69890E+00  6.46258E+00 -1.05673E+00  6.46257E+00 -1.05861E+00  6.46248E+00 -1.05846E+00  9.98880E-01  0.00000E+00  0.00000E+00  0.00000E+00  3.11614E-01  3.98980E-02  0.00000E+00  1.20000E+01  0.00000E+00  3.14163E+00 -1.16954E-06  1.00000E+00 -3.45258E-05 -1.71352E-05 -1.16954E-06  1.00000E+00 -3.45258E-05  1.79996E+02 -1.96355E-03  1.80000E+02 -1.79996E+02 -1.79998E+02 -1.34020E-04 -3.76228E+02  3.82274E+02  0.00000E+00
